67568 69701 1574
67568 69701 23633
67568 69701 41363
67568 69701 59572
67608 68910 4460
67608 68910 5199
67608 68910 17273
67608 68910 22158
67608 68910 30705
67702 72354 970
67702 72354 979
67702 72354 4442
67702 72354 21609
67702 72354 21816
67702 72354 22679
67702 72354 23327
67702 72354 47730
67704 75816 2276
67878 68520 22048
67878 68520 26854
67878 68520 35727
67907 68133 4460
67907 68133 31261
67959 72337 26085
67959 74822 26085
68129 68133 23458
68129 68133 31097
68129 68133 35132
68129 68133 57188
68226 68910 21979
68226 68913 21979
68251 72615 41401
68251 72615 41501
68424 68425 3020
68652 69911 22153
68716 74831 34472
68717 74831 34472
69180 68520 22021
69180 68520 34472
69180 68520 38590
69323 69324 23601
69323 69324 23643
69323 69324 38590
69323 69340 23601
69323 69340 23643
69323 69340 38590
69330 69332 23601
69330 69332 38968
69330 69333 23601
69330 69333 38968
69431 71302 243
69634 74595 23342
69634 74595 42406
69656 69660 1871
69656 69660 22755
69656 69660 56825
69777 69782 28415
69777 69782 30883
69912 69911 26729
70793 68425 3302
70793 68425 5425
70793 68425 16055
70793 68425 23458
70793 68425 62945
70793 70797 3302
70793 70797 5425
70793 70797 16055
70793 70797 23458
70793 70797 62945
71379 75102 22270
71520 74113 4377
71520 74113 23483
71520 74113 41921
71520 74113 63017
71538 73529 5202
71538 73529 32046
71538 73529 57457
71605 70637 20228
71654 68910 4953
72233 73369 23633
72233 73369 23641
72233 73369 26939
72300 72301 4365
72300 72301 13385
72300 72306 4365
72300 72306 13385
72814 72815 42
72814 72815 1488
73362 73369 1437
73362 73369 23643
73362 73369 41805
73801 73799 1569
73934 73936 30731
74203 73714 17803
74203 73714 43409
74314 74316 23953
74660 70637 21898
75007 69782 57278
75007 69782 57354
75007 69782 57379
75477 72265 22433
75477 72265 34284
75931 75934 27
75931 75934 1668
75931 75934 22764
75931 75934 25793
75931 75934 57323
76647 76655 23234
76647 76655 31900
